parameters of distributions:
layer1.weight : (2.5025928020477295, 2.0292844772338867)
layer1.bias : (-0.2964780032634735, 0.00042425867286510766)
layer2.weight : (-1.4581682682037354, 0.5752092003822327)
layer2.bias : (-0.04974416270852089, 0.0005012940964661539)
layer3.weight : (1.1116483211517334, 0.21112704277038574)
layer3.bias : (0.01456356979906559, 0.03302275761961937)